194 208 382
-0.315183 0 -0.178497
-0.120791 0.208425 0.204051
-0.0339991 -0.26887 0.962576
-0.470056 0.854259 0.222012
-0.881981 -0.444917 -0.155428

17

C:/Users/nattaon2/Desktop/bpp_project_december/pcd_files/17_2/tt1.pcd
173 38 114
-0.104187 0 -0.0961274
0.0690437 0.0387105 0.0186025
-0.998408 -0.0200252 0.052734
0.0538103 -0.0576693 0.996885
-0.0169217 0.998135 0.0586552

C:/Users/nattaon2/Desktop/bpp_project_december/pcd_files/17_2/tt2.pcd
174 41 117
0.0922167 0 -0.122178
0.266558 0.0419422 -0.00483815
0.995735 -0.00632783 -0.0920413
0.0916605 -0.0455521 0.994748
-0.0104873 -0.998942 -0.0447777

C:/Users/nattaon2/Desktop/bpp_project_december/pcd_files/17_2/tt3.pcd
113 56 124
0.283748 0 -0.0226805
0.397592 0.0569911 0.101932
-0.0499115 0.128249 -0.990485
-0.993522 -0.107748 0.0361132
-0.102091 0.985871 0.132796

C:/Users/nattaon2/Desktop/bpp_project_december/pcd_files/17_2/tt4.pcd
122 53 105
0.136725 0 0.106283
0.259125 0.0538201 0.212078
-0.985747 -0.0405672 0.163272
0.163921 -0.013213 0.986385
-0.0378576 0.999089 0.0196745

C:/Users/nattaon2/Desktop/bpp_project_december/pcd_files/17_2/tt5.pcd
103 99 144
0.272768 0 -0.280812
0.376218 0.0997661 -0.13587
-0.183711 0.227961 -0.956182
0.864761 0.499984 -0.0469462
0.467374 -0.835494 -0.288984

C:/Users/nattaon2/Desktop/bpp_project_december/pcd_files/17_2/tt6.pcd
121 56 93
0.277855 0 0.116708
0.398913 0.0569973 0.210336
0.985676 0.136881 -0.0985235
-0.104936 0.0404291 -0.993657
-0.13203 0.989762 0.0542137

C:/Users/nattaon2/Desktop/bpp_project_december/pcd_files/17_2/tt7.pcd
123 17 90
-0.0714702 0 0.145959
0.0520145 0.0177091 0.236424
-0.993348 -0.00904441 0.114799
0.114843 -0.00459196 0.993373
-0.00845734 0.999949 0.0055998

C:/Users/nattaon2/Desktop/bpp_project_december/pcd_files/17_2/tt8.pcd
163 56 71
-0.0988899 0 -0.18526
0.0649084 0.0565152 -0.113952
0.998472 0.00833033 -0.054626
-0.0531758 0.413642 -0.908885
0.0150243 0.910402 0.413453

C:/Users/nattaon2/Desktop/bpp_project_december/pcd_files/17_2/tt9.pcd
154 62 69
-0.0958264 0 -0.281164
0.0584734 0.0626602 -0.211309
0.998774 0.00396967 -0.0493367
-0.0461398 0.435478 -0.899016
0.0179163 0.900191 0.435127

C:/Users/nattaon2/Desktop/bpp_project_december/pcd_files/17_2/tt10.pcd
120 70 80
0.276533 0 -0.125351
0.39715 0.0708031 -0.0444791
-0.99891 -0.0307098 0.0351474
0.0448171 -0.42083 0.906032
-0.013033 0.90662 0.421747

C:/Users/nattaon2/Desktop/bpp_project_december/pcd_files/17_2/tt11.pcd
77 68 143
0.180111 0 -0.291297
0.257965 0.0681926 -0.147616
-0.0353908 0.147113 -0.988486
0.997207 0.070288 -0.0252424
0.0657653 -0.986619 -0.149189

C:/Users/nattaon2/Desktop/bpp_project_december/pcd_files/17_2/tt12.pcd
96 50 94
0.176456 0 0.00714672
0.272657 0.0501585 0.102104
0.849863 0.139874 -0.508102
0.520964 -0.0774287 0.85006
0.0795597 -0.987137 -0.138673

C:/Users/nattaon2/Desktop/bpp_project_december/pcd_files/17_2/tt13.pcd
73 66 147
0.0946003 0 -0.284183
0.167916 0.0669856 -0.136869
0.0414568 -0.157702 0.986616
0.999078 0.0175301 -0.0391785
-0.011117 0.987331 0.158284

C:/Users/nattaon2/Desktop/bpp_project_december/pcd_files/17_2/tt14.pcd
69 28 104
0.0589049 0 0.124243
0.128005 0.0285312 0.229013
-0.045603 0.0166351 -0.998821
0.998493 0.0313294 -0.0450662
0.0305428 -0.999371 -0.0180388

C:/Users/nattaon2/Desktop/bpp_project_december/pcd_files/17_2/tt15.pcd
92 35 94
0.0818846 0 0.0153454
0.174865 0.0357991 0.110142
-0.225213 0.0341945 -0.973709
0.974099 0.0286971 -0.224293
0.020273 -0.999003 -0.039772

C:/Users/nattaon2/Desktop/bpp_project_december/pcd_files/17_2/tt16.pcd
63 58 73
-0.0780521 0 0.0558269
-0.0147434 0.0588264 0.129318
-0.0125621 -0.250009 0.968162
0.999921 -0.0034758 0.0120766
0.000345884 0.968237 0.250033

C:/Users/nattaon2/Desktop/bpp_project_december/pcd_files/17_2/tt17.pcd
52 35 101
0.00993236 0 0.0210372
0.061962 0.0355959 0.122703
-0.0420164 0.0209086 -0.998898
0.998041 0.0472623 -0.0409911
0.0463532 -0.998664 -0.0228536

