301 122 239
-0.428877 0.111813 -0.0720847
-0.127848 0.122756 0.167671
0.999942 -0.000175295 0.0107229
0.0107184 -0.0166733 -0.999804
0.000354046 0.999861 -0.0166703

5

C:/Users/Nattaon/Desktop/bpp_project_december/pcd_files/05/ff1.pcd
140 59 85
0.0322966 0.0517242 -0.137887
0.172871 0.0599471 -0.0524279
0.999735 0.000725498 -0.0229936
-0.022969 -0.0244766 -0.999437
-0.00128789 0.9997 -0.0244534

C:/Users/Nattaon/Desktop/bpp_project_december/pcd_files/05/ff2.pcd
141 65 86
0.263442 0.0522176 -0.119035
0.404872 0.0655281 -0.0329681
-0.998819 -0.00458756 -0.0483598
0.048466 -0.0268879 -0.998463
0.00328021 -0.999628 0.0270785

C:/Users/Nattaon/Desktop/bpp_project_december/pcd_files/05/ff3.pcd
106 51 132
0.325671 0.0436547 0.0938274
0.43221 0.0519042 0.226134
0.0182402 -0.0115989 0.999766
0.999708 -0.0156265 -0.0184204
0.0158365 0.999811 0.0113106

C:/Users/Nattaon/Desktop/bpp_project_december/pcd_files/05/ff4.pcd
88 56 154
0.158546 0.0465641 0.0475359
0.247238 0.0561191 0.202436
-0.0924792 0.00021598 0.995715
0.99565 0.0113951 0.0924706
-0.0113262 0.999935 -0.00126887

C:/Users/Nattaon/Desktop/bpp_project_december/pcd_files/05/ff5.pcd
84 63 143
-0.00108244 0.0519554 0.0331662
0.0832922 0.0632847 0.176883
0.0811319 -0.0175755 -0.996548
0.996699 -0.00142703 0.0811694
-0.00284874 -0.999845 0.0174014

