198 207 382
0.125851 0.000994105 -0.193755
0.324471 0.207787 0.188881
-0.0384736 0.277834 0.959858
0.483053 0.846047 -0.225529
-0.874745 0.454986 -0.166759

17

C:/Users/nattaon2/Desktop/bpp_project_december/pcd_files/17/rr1.pcd
175 40 118
-0.264439 0.0102232 0.0144457
-0.0888529 0.0408879 0.133027
-0.994746 -0.00548921 0.102224
0.101929 0.0395884 0.994004
-0.00950319 0.999201 -0.038821

C:/Users/nattaon2/Desktop/bpp_project_december/pcd_files/17/rr2.pcd
171 37 113
-0.0653516 0.00900407 -0.00711015
0.106095 0.0377784 0.106697
0.998662 -0.0150139 -0.0494855
0.0502936 0.0593263 0.996971
-0.0120327 -0.998126 0.060002

C:/Users/nattaon2/Desktop/bpp_project_december/pcd_files/17/rr3.pcd
114 56 125
-0.395015 0.0063261 -0.0917474
-0.280636 0.0567385 0.0340322
0.0694489 0.121272 0.990187
-0.992582 0.107684 0.0564284
-0.0997845 -0.986761 0.127852

C:/Users/nattaon2/Desktop/bpp_project_december/pcd_files/17/rr4.pcd
123 54 108
-0.256364 0.00210131 -0.201705
-0.13289 0.054277 -0.0936188
-0.982537 0.0477889 0.179828
-0.180051 -0.000367333 -0.983657
-0.0469419 -0.998857 0.00896535

C:/Users/nattaon2/Desktop/bpp_project_december/pcd_files/17/rr5.pcd
105 99 145
-0.375719 0.0156954 0.145783
-0.270234 0.099331 0.291289
0.184101 0.227142 0.956302
0.874897 -0.481275 -0.0541159
0.447953 0.846629 -0.287329

C:/Users/nattaon2/Desktop/bpp_project_december/pcd_files/17/rr6.pcd
125 56 98
-0.400029 0.00177256 -0.201909
-0.274692 0.0568105 -0.103139
0.980552 -0.133383 -0.143967
-0.147839 -0.019547 -0.988818
0.129077 0.990872 -0.0388862

C:/Users/nattaon2/Desktop/bpp_project_december/pcd_files/17/rr7.pcd
125 17 92
-0.0492028 0.000595416 -0.22614
0.0760122 0.017883 -0.133458
-0.992538 0.00808911 0.121671
-0.121736 -0.00808491 -0.99253
-0.00704499 -0.999935 0.00900927

C:/Users/nattaon2/Desktop/bpp_project_december/pcd_files/17/rr8.pcd
163 54 70
-0.0616031 0.0133615 0.124652
0.102134 0.0548417 0.195383
-0.998303 0.00617455 0.0579138
-0.0556982 -0.391877 -0.91833
0.0170248 -0.919997 0.391555

C:/Users/nattaon2/Desktop/bpp_project_december/pcd_files/17/rr9.pcd
154 61 71
-0.0538228 0.0172595 0.221641
0.100253 0.0618676 0.293142
-0.998851 0.00100179 0.0479083
0.0437013 0.429173 0.902164
-0.0196572 0.903221 -0.428724

C:/Users/nattaon2/Desktop/bpp_project_december/pcd_files/17/rr10.pcd
123 70 84
-0.397608 0.0121005 0.0549578
-0.273791 0.0709876 0.139814
0.997606 -0.0482253 -0.0495613
0.0616934 0.296902 0.952913
-0.0312396 -0.95369 0.299166

C:/Users/nattaon2/Desktop/bpp_project_december/pcd_files/17/rr11.pcd
79 67 144
-0.2559 0.0154204 0.158623
-0.176043 0.0673556 0.302902
0.0407406 0.137295 0.989692
0.996677 -0.0755133 -0.0305526
0.0705402 0.987648 -0.139915

C:/Users/nattaon2/Desktop/bpp_project_december/pcd_files/17/rr12.pcd
96 50 96
-0.269813 0.00600355 -0.0917484
-0.173035 0.0503745 0.0048014
0.822214 -0.128804 -0.554412
0.564499 0.0598885 0.823259
-0.0728364 -0.98986 0.121951

C:/Users/nattaon2/Desktop/bpp_project_december/pcd_files/17/rr13.pcd
74 65 147
-0.164638 0.0147794 0.146719
-0.0903435 0.0657861 0.294431
-0.0433231 -0.156257 -0.986766
0.998684 -0.0338935 -0.0384792
-0.0274323 -0.987135 0.15752

C:/Users/nattaon2/Desktop/bpp_project_december/pcd_files/17/rr14.pcd
68 28 105
-0.12326 0.00262686 -0.218826
-0.0548962 0.0280654 -0.113469
0.0356224 0.0116118 0.999298
0.99879 -0.034328 -0.0352054
0.0338951 0.999343 -0.0128206

C:/Users/nattaon2/Desktop/bpp_project_december/pcd_files/17/rr15.pcd
93 34 95
-0.171091 0.00700006 -0.0993093
-0.077983 0.0345044 -0.00356943
0.166828 0.0323222 0.985456
0.985902 -0.018507 -0.166297
0.0128627 0.999306 -0.0349541

C:/Users/nattaon2/Desktop/bpp_project_december/pcd_files/17/rr16.pcd
53 35 102
-0.0580286 0.00928033 -0.112734
-0.00407029 0.0351164 -0.0105683
0.0450048 0.016886 0.998844
0.997337 -0.058194 -0.0439531
0.0573845 0.998163 -0.0194601

C:/Users/nattaon2/Desktop/bpp_project_december/pcd_files/17/rr17.pcd
63 59 74
0.0191632 0.0194517 -0.119474
0.0828824 0.0591591 -0.0449744
-0.0474204 -0.0168505 -0.998733
0.998862 0.0043453 -0.0474998
0.00514019 -0.999849 0.0166253

