274 116 274
-0.353263 0.0587912 -0.0622235
-0.0788074 0.116907 0.211992
-0.976758 0.00176847 0.214339
-0.214192 0.0299821 -0.976331
-0.00815296 -0.999549 -0.0289065

12

C:/Users/nattaon2/Desktop/bpp_project_december/pcd_files/12/rr1.pcd
196 34 115
0.235024 0.00211017 0.102774
0.431926 0.034765 0.218367
-0.998098 -0.00314966 0.061561
0.0616377 -0.0397887 0.997305
-0.00069174 0.999203 0.0399073

C:/Users/nattaon2/Desktop/bpp_project_december/pcd_files/12/rr2.pcd
174 51 98
0.249095 0.00544466 -0.0178863
0.423574 0.0518611 0.0807207
0.999595 0.0131231 -0.0252683
-0.0271519 0.172176 -0.984692
-0.0085716 0.984979 0.172463

C:/Users/nattaon2/Desktop/bpp_project_december/pcd_files/12/rr3.pcd
136 64 104
0.280411 0.00864244 -0.155301
0.417126 0.0645772 -0.0506642
0.996846 0.0493375 0.0621645
0.0476231 0.254734 -0.965838
-0.0634874 0.965752 0.251581

C:/Users/nattaon2/Desktop/bpp_project_december/pcd_files/12/rr4.pcd
133 64 114
0.273668 0.0120393 -0.270809
0.407627 0.0649557 -0.156368
-0.99638 -0.0414148 -0.0742453
0.0586403 0.297514 -0.952915
0.0615538 -0.953819 -0.294008

C:/Users/nattaon2/Desktop/bpp_project_december/pcd_files/12/rr5.pcd
83 61 146
0.15115 0.00761586 -0.0726878
0.235019 0.0619125 0.0735183
-0.0537181 0.0437392 -0.997598
0.996768 0.0621194 -0.0509498
0.0597417 -0.99711 -0.0469349

C:/Users/nattaon2/Desktop/bpp_project_december/pcd_files/12/rr6.pcd
136 11 76
0.0733326 0.00276888 0.133165
0.209719 0.0117909 0.209283
0.996763 0.0127599 -0.0793808
-0.0796396 0.0212477 -0.996597
-0.0110298 0.999693 0.0221951

C:/Users/nattaon2/Desktop/bpp_project_december/pcd_files/12/rr7.pcd
82 66 143
0.144195 0.0117359 -0.241756
0.226882 0.0669207 -0.0984318
0.0555872 -0.153602 0.986568
0.997987 0.0387762 -0.0501934
-0.0305456 0.987372 0.155448

C:/Users/nattaon2/Desktop/bpp_project_december/pcd_files/12/rr8.pcd
78 24 158
0.0530748 0.00605986 -0.0682244
0.131209 0.0248267 0.0899008
-0.0481756 0.0203218 -0.998632
0.998773 0.0124422 -0.0479292
0.0114512 -0.999716 -0.0208963

C:/Users/nattaon2/Desktop/bpp_project_december/pcd_files/12/rr9.pcd
98 31 91
-0.0454642 0.00474349 0.119236
0.0528224 0.0315093 0.211155
0.993087 0.0270785 0.114219
0.113572 0.0243388 -0.993232
-0.0296751 0.999337 0.0210952

C:/Users/nattaon2/Desktop/bpp_project_december/pcd_files/12/rr10.pcd
76 30 144
-0.0501969 0.00713017 -0.059731
0.0258062 0.0300735 0.0844145
-0.0484419 0.0460381 -0.997764
0.997966 0.0436835 -0.0464361
0.041448 -0.997984 -0.0480606

C:/Users/nattaon2/Desktop/bpp_project_december/pcd_files/12/rr11.pcd
84 57 93
0.0323056 0.011538 -0.234706
0.117221 0.0576538 -0.1416
0.0272583 -0.239197 0.970589
0.99962 0.00243987 -0.0274723
0.00420318 0.970968 0.239172

C:/Users/nattaon2/Desktop/bpp_project_december/pcd_files/12/rr12.pcd
72 39 96
-0.0583643 0.0117408 -0.230369
0.0142442 0.0393122 -0.133718
-0.0410083 0.104342 -0.993696
0.999129 0.0119368 -0.0399792
0.00769003 -0.99447 -0.10474

