320 115 250
-0.45 0 -0.0622235
-0.0788074 0.116907 0.211992
-0.976758 0.00176847 0.214339
-0.214192 0.0299821 -0.976331
-0.00815296 -0.999549 -0.0289065

6

C:/Users/nattaon2/Desktop/bpp_project_december/pcd_files/12/tt4.pcd
160 60 95
0.42 0 -0.27
0.407627 0.0649557 -0.156368
-0.99638 -0.0414148 -0.0742453
0.0586403 0.297514 -0.952915
0.0615538 -0.953819 -0.294008

C:/Users/nattaon2/Desktop/bpp_project_december/pcd_files/12/tt4.pcd
160 60 95
0.42 0 -0.27
0.407627 0.0649557 -0.156368
-0.99638 -0.0414148 -0.0742453
0.0586403 0.297514 -0.952915
0.0615538 -0.953819 -0.294008

C:/Users/nattaon2/Desktop/bpp_project_december/pcd_files/12/tt4.pcd
160 60 95
0.42 0 -0.27
0.407627 0.0649557 -0.156368
-0.99638 -0.0414148 -0.0742453
0.0586403 0.297514 -0.952915
0.0615538 -0.953819 -0.294008

C:/Users/nattaon2/Desktop/bpp_project_december/pcd_files/12/tt4.pcd
160 60 95
0.42 0 -0.27
0.407627 0.0649557 -0.156368
-0.99638 -0.0414148 -0.0742453
0.0586403 0.297514 -0.952915
0.0615538 -0.953819 -0.294008

C:/Users/nattaon2/Desktop/bpp_project_december/pcd_files/12/tt4.pcd
160 60 95
0.42 0 -0.27
0.407627 0.0649557 -0.156368
-0.99638 -0.0414148 -0.0742453
0.0586403 0.297514 -0.952915
0.0615538 -0.953819 -0.294008

C:/Users/nattaon2/Desktop/bpp_project_december/pcd_files/12/tt4.pcd
160 60 95
0.42 0 -0.27
0.407627 0.0649557 -0.156368
-0.99638 -0.0414148 -0.0742453
0.0586403 0.297514 -0.952915
0.0615538 -0.953819 -0.294008
